4294967278,132
4294967278,131
4294967278,130
4294967278,129
4294967278,128
4294967278,127
4294967278,126
4294967278,125
4294967278,124
4294967278,123
4294967278,122
4294967278,121
4294967278,119
4294967278,118
4294967278,117
4294967278,116
4294967278,115
4294967278,114
4294967278,113
4294967278,112
4294967278,111
4294967278,108
4294967278,107
4294967278,106
4294967278,105
4294967278,104
4294967278,103
4294967278,102
4294967278,101
4294967278,96
4294967278,94
4294967278,93
4294967278,92
4294967278,91
4294967278,90
4294967278,89
4294967278,85
4294967278,83
4294967278,82
4294967278,81
4294967278,80
4294967278,79
4294967278,78
4294967278,77
4294967278,76
4294967278,74
4294967278,71
4294967278,69
4294967278,68
4294967278,67
4294967278,66
4294967278,65
4294967278,64
4294967278,63
4294967278,62
4294967279,85
4294967279,83
4294967279,78
4294967279,75
4294967279,299
4294967279,72
4294967279,71
4294967279,68
4294967279,538
4294967279,66
4294967279,64
4294967279,62
4294967279,61
4294967279,59
4294967279,58
4294967279,57
4294967279,55
4294967279,53
4294967279,52
4294967279,51
4294967279,50
4294967279,48
4294967279,47
4294967279,41
4294967279,39
4294967279,35
4294967279,34
4294967279,33
4294967279,32
4294967279,31
4294967279,30
4294967279,29
4294967279,12
4294967279,7
4294967279,6
4294967279,5
4294967279,4
4294967279,431
4294967279,0
4294967278,242
4294967279,242
4294967278,237
4294967278,236
4294967278,233
4294967278,219
4294967279,227
4294967279,225
4294967278,216
526,5
526,4
4294967278,218
526,3
526,2
526,1
4294967279,551
4294967278,316
4294967278,382
4294967279,209
4294967279,208
4294967294,1423
4294967294,1420
4294967279,207
4294967278,206
4294967279,204
524,7
4294967279,203
524,6
524,5
4294967279,202
524,4
524,3
524,2
524,1
4294967279,428
4294967278,439
4294967278,196
4294967278,380
4294967278,192
4294967279,443
4294967279,425
4294967294,183
4294967294,465
4294967294,119
4294967278,178
520,5
520,4
520,3
520,2
520,1
4294967278,161
4294967278,431
518,6
4294967279,408
518,5
4294967279,154
518,4
518,3
518,2
518,1
4294967278,120
4294967278,110
4294967278,109
4294967278,256
4294967278,100
4294967278,99
4294967279,230
4294967294,502
4294967279,295
517,5
517,4
4294967279,146
517,3
517,2
517,1
4294967279,404
4294967278,146
4294967279,145
4294967278,145
4294967278,381
4294967279,527
516,5
516,4
516,3
516,2
516,1
4294967279,133
515,4
515,3
515,2
515,1
4294967294,1016
4294967294,501
4294967294,1008
4294967294,190
4294967279,294
513,4
513,3
513,2
513,1
4294967294,1419
4294967294,399
4294967294,1172
4294967294,167
4294967294,444
4294967294,398
4294967294,459
4294967294,180
4294967294,386
4294967279,293
4294967279,292
4294967278,371
4294967279,533
4294967278,313
4294967278,331
4294967279,2
4294967294,89
4294967279,562
4294967278,290
4294967279,541
4294967278,421
512,5
512,4
512,2
512,1
4294967279,530
4294967294,1003
4294967278,312
510,7
510,6
510,5
510,4
510,2
510,1
4294967279,290
4294967279,301
4294967278,398
4294967279,574
4294967279,289
4294967278,334
4294967278,187
4294967278,438
4294967278,357
4294967294,413
4294967294,168
4294967294,450
4294967294,113
4294967294,458
4294967279,180
4294967278,332
4294967278,386
4294967279,171
506,5
506,4
506,3
506,2
506,1
4294967278,355
504,6
4294967278,159
4294967279,518
504,5
4294967278,158
504,4
504,3
504,2
504,1
4294967294,500
4294967294,499
503,5
503,4
4294967278,150
503,3
503,2
503,1
4294967278,353
4294967279,288
502,5
502,4
502,3
502,2
502,1
4294967278,376
501,4
501,3
501,2
501,1
4294967278,133
4294967278,288
4294967278,323
4294967294,162
4294967294,1088
499,4
499,3
499,2
499,1
4294967279,286
0,7
4294967279,263
4294967278,311
4294967294,392
4294967294,46
4294967279,540
4294967278,310
4294967294,107
4294967279,447
4294967278,98
4294967278,97
4294967278,87
4294967278,86
4294967278,84
4294967278,75
4294967278,73
4294967278,72
4294967278,61
4294967278,427
4294967279,73
4294967279,46
4294967279,36
4294967279,26
4294967279,24
4294967279,21
4294967279,19
4294967279,18
4294967279,398
4294967279,387
4294967279,14
4294967279,276
4294967279,8
4294967278,291
4294967278,419
4294967279,278
4294967278,308
4294967294,27
4294967294,1
4294967294,1000
4294967294,29
4294967294,1001
4294967294,186
4294967294,28
4294967294,424
4294967294,1175
4294967294,0
4294967294,2
4294967294,1422
4294967294,45
4294967294,50
4294967294,91
4294967294,90
4294967294,87
4294967294,86
4294967294,85
4294967294,1174
4294967294,1017
4294967294,1173
4294967294,419
4294967279,284
4294967278,395
4294967279,542
4294967278,329
4294967294,84
4294967294,38
4294967294,37
4294967294,53
4294967294,1421
4294967294,427
4294967294,44
4294967279,240
498,5
498,4
498,2
498,1
4294967294,40
4294967294,94
4294967294,96
4294967294,8
4294967294,9
4294967294,22
4294967294,76
4294967278,95
4294967294,81
4294967278,307
4294967278,306
4294967279,283
496,7
496,6
496,5
496,4
496,2
496,1
4294967279,417
4294967279,528
4294967278,304
4294967278,2
4294967278,174
4294967278,303
4294967279,414
4294967279,415
4294967278,302
4294967279,281
4294967279,274
4294967278,70
4294967279,186
4294967279,60
4294967278,301
4294967279,424
4294967278,409
4294967279,534
492,5
492,4
492,3
492,2
492,1
4294967279,170
490,6
490,5
490,4
490,3
490,2
490,1
4294967278,354
4294967294,420
4294967294,410
4294967278,375
489,5
489,4
4294967279,153
489,3
489,2
489,1
4294967278,330
488,5
488,4
488,3
488,2
488,1
4294967279,273
4294967278,418
487,4
487,3
487,2
487,1
4294967278,350
486,5
4294967294,52
4294967294,1018
4294967294,43
4294967294,1007
4294967294,1009
486,4
486,2
486,1
4294967294,41
4294967294,417
4294967294,51
4294967294,1098
485,4
485,3
485,2
485,1
4294967279,280
4294967279,308
4294967278,300
4294967279,269
4294967278,340
4294967278,387
4294967279,442
4294967278,322
4294967294,93
4294967294,95
4294967279,174
4294967279,539
4294967278,345
4294967279,252
4294967279,568
4294967294,7
4294967278,292
4294967279,566
4294967279,532
4294967294,92
4294967294,88
4294967278,368
4294967294,1101
4294967294,82
4294967294,1418
4294967294,83
4294967278,250
4294967278,384
4294967279,241
484,5
484,4
4294967279,237
484,2
484,1
4294967279,537
4294967278,234
4294967279,233
4294967279,231
4294967278,230
4294967278,367
4294967294,405
4294967294,416
4294967278,220
4294967279,521
4294967279,268
4294967278,429
482,7
4294967278,213
482,6
482,5
482,4
482,2
482,1
4294967278,406
4294967278,208
4294967278,299
4294967278,203
4294967278,202
4294967278,201
4294967278,298
4294967278,297
4294967278,188
4294967279,413
4294967294,995
4294967294,1012
4294967294,1006
4294967294,997
4294967279,184
4294967279,298
4294967278,403
